4643
170
531
616
2140
2722
2313
2688
2428
3113
1591
2600
8169
2572
58293
7541
1367
32
4792
7444
53953
56949
6502
53000
51662
5151
35836
7293
33585
8810
56801
5377
344
19
410
2124
828
1274
8977
1032
1214
1200
1320
3897
7173
1225
2858
59418
45361
2706
1321
2793
33085
4235
3892
4340
27660
43556
47124
2294
48304
150
31184
34338
1917
50162
2827
27368
4366
2153
30812
3525
1270
2011
2012
8973
1255
2018
541
4878
7361
31658
2571
7099
260
1196
60069
160
1882
60037
880
36509
405
3826
4133
673
6541
611
172
4638
5171
208
4887
5459
60760
8361
60514
1544
1876
442
32213
5219
1690
2717
27608
52722
780
6934
52287
3745
45499
37830
60040
34319
8644
6365
34048
316
3300
7022
7254
57368
1584
2232
1748
1253
49278
42718
1097
7481
5903
1653
741
27728
2716
52281
57640
2761
59315
480
3702
1580
5445
52885
3527
44849
27904
5349
8636
589
1240
2916
3793
6333
3054
546
256
173
2642
7846
8870
54771
7845
34150
51412
3697
6534
7163
5463
3438
3269
8371
5046
6537
4446
8865
5378
32031
3704
4533
6659
2134
1676
2105
5502
3033
592
56174
318
60832
4993
3114
1136
1073
648
110
8622
6874
6863
6539
6377
5816
5669
5618
5299
3863
3752
2355
2291
1339
1029
1028
784
610
551
158
54001
50872
48394
45722
33679
31878
30793
6953
6503
6281
5782
5400
5266
4388
4299
4054
3988
3980
3969
3247
2840
2720
2004
761
56757
41571
36401
8965
8907
8640
7439
6996
5283
4974
2959
2240
2042
2028
296
356
593
1
1210
608
377
1198
165
595
153
364
597
231
500
367
1721
587
1197
2628
253
1291
3578
1036
185
4306
586
39
5952
2396
1961
1527
1387
8368
6378
6016
4896
3000
2810
3159
7458
5152
33493
41566
4973
33794
4995
33660
33166
58559
62265
27441
67295
653
55999
63859
3753
8972
53125
3083
5225
1046
64034
53996
43932
26887
66171
68319
51698
5444
6731
2455
56145
968
54995
52328
3994
44191
6979
60684
6250
44731
64497
3864
6294
64997
67197
69526
5882
31660
1391
4571
4492
2985
380
527
588
736
2762
41569
72641
48774
48516
71282
64614
34542
65514
48738
6291
46578
7153
4226
8961
1396
471
1042
1947
1269
2394
17
3751
3471
2193
1682
1204
1148
8376
27706
5620
3397
3396
2966
2414
1010
954
951
45431
7161
6753
6550
3723
26084
7075
5667
2094
2078
1262
1207
927
277
8984
8970
6936
4499
3512
2687
2125
2087
1013
44022
8695
8633
7263
5747
6424
40339
5957
51471
44709
1610
5380
5218
8360
26133
745
25752
497
2501
37739
6776
529
2324
457
534
1243
1957
1246
6358
3916
728
2083
1177
46976
50160
3360
838
36525
5267
6533
45517
26294
48982
314
6297
2150
898
8039
3088
3097
5470
899
911
8574
38038
56915
955
953
1023
7395
8580
4886
40629
1022
4921
6662
3548
1689
4027
60487
5066
8529
2797
4022
5303
45668
339
2059
3675
5629
2010
1265
3809
62
924
440
2115
594
368
7
552
3175
2804
1282
252
2161
1271
468
1952
1283
3507
4280
51084
42197
52375
44555
31410
43376
8645
27803
7767
44204
7323
44694
5878
5608
5477
41527
5613
30749
55052
1305
1211
1209
7034
4967
1252
1247
7234
1201
1206
45950
56788
55820
6197
3426
61075
2289
59118
7456
1641
6942
57792
1230
3812
3967
2997
6711
1221
858
64701
51174
59018
4428
69122
1784
8254
63062
186
60482
71033
261
22
3255
372
1093
428
175
2141
4979
60293
54503
3686
8910
1126
1704
3949
63082
778
590
50
1193
141
21
2683
288
3996
111
1089
223
919
1517
2987
1307
1968
1258
2918
1101
2174
1080
1079
2502
3147
337
1732
2692
52319
76093
87232
89745
112852
91500
98809
79091
86332
73321
82461
81564
79695
78469
86880
84944
78105
3671
47610
73017
4016
7373
59369
5254
4343
91529
54259
6754
77561
88125
4232
81834
33615
60074
5574
5785
5110
70286
40815
72998
54997
59784
69844
4700
46972
6156
88744
4386
118696
6218
8985
3483
47200
42738
56171
102125
106487
51077
49274
7324
59501
106489
36519
57528
5504
49649
48322
4990
6889
5804
76175
34332
8808
50798
87222
65682
61160
83613
87430
68205
85510
5389
6566
6385
82459
37386
53121
88140
53464
58025
56775
7317
5621
1223
1019
107
60
2300
2231
5902
2023
7438
27773
3556
40819
47
1617
6003
4954
4011
2360
2542
44665
2329
293
30820
41863
55995
55069
55269
55247
27005
1222
56367
55442
56782
54190
6773
48082
8983
54286
32587
7090
27592
38061
49272
36529
5418
8798
53519
7143
8665
53972
6618
7235
54736
49651
8968
31696
39435
47044
55232
6595
49530
30810
27801
50005
33903
40870
55280
34437
4381
5577
52975
36537
37729
54272
4014
3535
53322
5991
33004
56587
27797
5014
3082
1962
2881
2359
830
1680
5013
28
232
1278
62293
3079
8943
4246
7155
613
4308
1923
2145
1635
1354
6104
27266
910
3148
308
2976
7365
1884
48043
1279
8638
7147
27721
30707
2843
1259
539
357
912
1208
2019
1183
923
34
36
6
300
11
1393
1213
474
508
509
750
266
235
317
2791
553
832
1485
1394
2000
2640
555
1288
151
2406
3408
1358
5060
1094
265
1639
2302
802
1234
1608
1625
1266
342
805
2321
1250
246
852
1408
1199
1242
1302
3253
1909
45
785
2470
1276
1084
969
1285
1275
661
2770
1747
2407
1088
348
224
1263
1729
3072
800
2248
1172
2278
1357
1203
1228
1231
3006
247
2968
3256
431
2108
1479
2021
1272
2746
4370
455
1299
2020
1244
3552
3108
2076
1921
2352
2908
5010
194
4720
3361
2243
1296
3107
162
2420
1960
3386
2944
1292
3317
1965
4447
994
5679
1586
5464
4848
3252
2369
1095
1175
1104
4002
1020
1449
4262
361
382
3105
2686
1441
4975
2616
3424
1958
4223
3100
2739
5481
1945
1124
1711
6807
5388
1959
2245
1678
2384
2116
1956
4734
6870
3098
3893
1693
1081
3168
1217
3504
3037
3699
5956
2065
6373
233
3536
2803
2469
2917
5673
8784
2139
8464
1459
517
3019
1096
2912
8949
1303
4007
6565
3763
89
1238
4008
448
3468
950
322
2474
1237
2080
2144
1916
53894
55282
407
3261
2395
50442
7451
39414
52973
48385
4034
51255
40732
441
39427
2026
4239
4367
1895
3911
27879
47423
6710
4448
40583
33136
147
6223
3481
34162
8874
1673
43708
7460
1059
45720
2836
27788
2702
5080
4816
7346
8366
1235
3555
2431
3910
1348
2114
2138
59387
4380
79132
2528
5995
71462
53123
27866
60766
4703
1185
3735
1132
3508
1483
1194
3682
4705
1220
1500
2268
236
58
1147
53921
3178
1687
52952
3246
89759
7502
85774
81817
27846
7156
76251
78499
89118
57669
37733
2194
55071
58191
59141
84116
73101
5250
89753
87192
88235
86781
81845
81562
61240
16
5989
71579
78637
1466
45728
58306
73344
67997
55805
97
36276
2058
68194
2962
1542
35347
522
86190
81591
85881
69640
33162
69481
77800
72733
72395
1573
1552
56339
65261
64620
180
27790
86833
81932
89305
79224
61323
66509
7318
69784
83132
7325
8781
68954
53883
2427
86898
74795
65596
89085
26614
74787
85354
80463
59684
61236
89864
4025
4701
3984
262
1588
2622
904
2085
2081
3034
596
92259
1280
1224
916
945
6787
48780
7669
7215
933
1086
6331
27815
1293
4406
88810
3052
1722
5415
5294
733
10
329
1356
2700
3948
2467
5938
2413
5120
8917
4799
292
353
7162
1378
3365
4642
2565
6768
8873
27808
2599
1380
1035
48
1777
2006
345
1377
1674
2671
272
902
475
2336
1267
2490
4225
8958
7160
5630
5617
5446
5876
7445
5425
4880
3993
5632
4017
6957
42002
4251
6947
85414
66934
91658
96610
97938
84392
80839
36517
44195
3275
4963
34405
55290
68358
4161
2089
44761
73023
88129
96079
41997
68237
80549
55118
29
2423
97304
5945
2424
74458
91630
55276
8950
67255
74510
73323
52042
3156
2048
90249
81847
1025
97913
71264
27611
2949
3
6708
2052
4090
4776
99114
97752
1597
4677
97921
93287
94070
103253
102194
104841
4901
72737
102903
53956
88163
1304
55830
55363
108932
106696
106100
106918
111362
64839
98154
96821
8914
94896
115617
111759
2005
71535
58998
8807
27831
58295
5265
53129
62849
6617
32596
109374
3868
2379
4378
2025
40412
5004
68157
2788
71106
1261
1994
3020
2402
3740
707
3869
965
3363
920
3152
4327
914
2353
543
1376
2701
6383
75813
78209
62434
44788
4349
1120
61250
216
61024
5292
2889
104
2082
4718
6188
60756
8641
46970
80693
68073
3977
3418
3882
1047
4844
2763
1249
1216
95
786
1407
420
908
1370
163
3623
315
628
3176
762
2890
3081
2167
1569
1912
230
4085
2539
2605
4018
33437
6300
66665
69757
67734
73266
71518
67087
63131
79702
2710
6707
2459
73268
62155
4519
1702
53189
65126
79428
71379
59126
55267
72731
72605
6290
101
67267
6329
53318
3409
38886
7360
8957
72226
8533
58301
80094
80489
33880
80862
4247
8528
80846
2657
3448
515
25
3608
2505
2003
1914
1589
1268
1245
1188
1173
1015
2579
3683
2952
6987
4881
2176
249
3060
2109
4105
4326
1885
1611
2022
4508
4857
5508
7087
7493
4103
4465
1219
8507
7482
7096
903
6440
5421
4612
6755
6993
6296
1889
562
3271
3499
3067
6709
4333
2077
1034
5890
7116
5065
7347
8872
1873
7386
2096
917
941
8492
4783
671
7619
6201
1012
8341
73
1017
524
4535
6785
4047
1513
376
3259
2533
30825
8373
7154
1350
5810
4023
2014
6535
5970
51086
3387
62081
95167
109487
1907
4679
86377
92535
102445
86347
106920
106782
110102
84152
370
1090
112
3679
1260
3741
6270
6125
1939
1374
40988
1997
3703
26181
8783
1215
2273
2694
3039
4855
44199
45028
45175
39869
43869
45440
520
4052
3503
7256
2478
2872
1411
1125
1178
5291
1131
2186
1281
6350
26131
7587
77455
1232
3429
7387
720
26150
66097
5064
8370
2862
1365
996
13
47099
5954
3461
3262
58803
47518
4467
7419
70
7123
3676
2594
1212
49932
3730
168
913
1953
2915
349
6887
2826
3005
1779
18
1835
3285
3593
85401
86852
87298
86644
84772
87520
87529
89087
89190
90522
71691
62374
43921
72171
413
3087
2046
65
88
419
2053
2072
2064
3160
1966
123
4144
2750
3173
31702
6797
32591
33819
6867
34153
34072
6612
3245
39292
26349
7327
40946
8496
37741
26242
6184
72
27727
3653
41285
3700
1092
4218
8610
8623
7815
5940
1701
2439
4738
2009
1233
417
5222
5034
5780
5147
1186
2112
2333
4478
5341
5008
6215
7484
116
290
373
5772
2160
1963
3334
3539
4641
4297
4304
2496
2948
2567
2866
3182
3263
4029
3852
2693
7382
43460
4495
4086
44864
930
1077
678
2859
4361
1954
6636
45210
32160
25850
26729
38304
34148
49132
2117
581
3788
3524
412
3077
3068
6001
25963
26694
26838
50685
51709
47629
26163
56152
56286
52967
3002
50514
26663
60950
63876
62344
52767
26524
50740
26712
50658
63808
2935
4903
1264
556
1190
34552
26587
8656
38159
67429
83976
2511
53550
91077
90439
4956
90866
86320
3739
1300
3814
6791
55814
5325
60333
5812
89904
72011
46664
7926
31770
91571
64622
72720
2066
33312
909
936
4741
89090
95558
93721
97870
1111
94959
98961
98056
25771
100714
74324
103027
97673
93498
103107
1295
105844
105504
105954
105197
106438
363
106916
106766
106841
31
1620
333
64716
27882
42730
31225
4623
81788
80939
79134
81782
48520
89492
2707
3362
2126
3298
1488
4639
3513
36708
46723
6796
51931
52604
52245
1799
1060
1061
1785
32025
7124
5959
27873
3761
6337
55765
8966
8939
6975
5269
5135
8956
2819
2301
5363
6288
5670
8938
5329
5500
3198
1254
3359
3510
319
2731
3089
2973
3134
3462
3022
2920
2357
3629
7700
306
2132
3677
6985
1251
6783
4914
4928
6235
2732
2726
5017
307
2409
2136
2354
3991
2054
2617
788
63113
1592
27155
1562
783
5159
63992
2953
2421
1566
1033
709
3615
2092
2137
26403
2090
8666
4310
4270
3489
2724
59725
30816
6765
6157
2942
502
44
3479
2162
5069
33836
27311
1064
1688
2142
2876
3945
62553
33669
1727
61071
2123
52435
3287
239
64249
4719
55768
6536
3155
4006
2367
5364
86882
71899
3681
347
3992
8981
7265
64957
2951
82852
1227
1464
76111
4699
71108
215
86142
47382
80222
96432
82167
96606
79185
89840
68554
81819
85342
55721
6118
2691
2712
1645
3307
3559
73608
52448
58107
77866
8014
3030
1619
65216
7158
3421
1663
3210
26704
3435
8128
3469
1949
922
2729
4369
1801
43936
51939
46530
45186
50794
8131
48161
31934
40581
54004
51935
44840
47952
45447
46322
43871
48783
48412
47122
45442
48416
44193
45726
47644
31420
40614
31221
34534
32029
60753
60126
57951
60072
58103
26547
59615
48319
6213
4866
2723
362
1831
3624
1499
2471
374
5872
4015
1429
5507
3999
4728
3972
6155
7454
5449
952
31685
6564
1005
1474
5419
2924
2860
886
45062
61132
37853
52458
59016
59256
62394
58162
63853
63479
2133
1031
3786
4128
1967
8879
8908
49824
87308
8530
1018
2183
6630
3755
55872
49793
26999
2398
84637
1888
31433
49286
7164
2581
4823
74450
58347
7380
2100
2485
4992
4091
2316
78316
69406
7375
32598
4317
66203
80860
84374
88405
58047
80615
1754
45221
90746
9010
4069
70567
91542
104374
99007
56715
86817
915
6266
81257
89774
2993
3635
2990
3744
2989
7573
3639
62113
46967
4733
1717
3273
1644
2338
1805
8132
7570
2296
3581
2618
5942
5505
62336
71468
112623
92420
96737
27032
2403
2530
108983
106642
115569
55908
59037
2143
111659
3959
5072
3213
4874
47997
87306
6764
71464
71156
93510
87869
46948
33171
52241
71520
8974
115149
112183
4744
93840
103228
83134
74275
103341
112175
85788
103688
60979
80917
105213
79274
56003
52462
85412
78836
2529
1127
94466
96417
2641
303
3698
8033
5319
7028
1284
1955
2454
1694
2772
92509
5282
4978
2947
112556
54372
1643
2863
2946
7091
6970
5840
5839
2857
708
3477
7933
986
6593
4994
2941
6442
1734
6466
7706
25777
1256
7088
938
4840
7037
6772
7139
905
27912
7132
27878
27731
41573
2690
26776
7136
735
34528
37736
7135
6101
5791
7177
1827
7440
4217
42015
39183
8542
4688
3264
42418
6062
31694
6216
937
40414
26170
1649
50066
49772
7085
50229
6271
7301
45880
7073
8596
6663
7121
5971
6305
7209
33639
6400
7078
6683
2212
25996
37240
36535
37855
2208
6093
928
47999
5224
52579
6163
50912
5690
1900
26078
51884
900
6963
25940
25865
3451
5114
2937
8754
1068
51007
4427
8920
4920
8838
6375
5177
8516
5288
56805
26662
3475
926
3844
7943
8336
7826
4998
27843
46803
4835
3038
8998
55253
6852
48741
8718
32469
8726
8999
31359
6650
56141
60397
4347
26158
26903
55620
26366
6183
2185
326
1950
3816
57243
2609
55274
4298
54881
26171
48682
26003
50742
1192
58706
7566
25763
33558
38384
60758
70293
7836
43333
54331
31435
60763
8264
61729
68522
53578
67223
1289
68159
7141
30867
56060
27376
51705
72169
71450
8607
71542
68269
47491
71211
66371
63446
71327
9018
74916
7834
27820
49917
64285
8260
70521
71619
76293
74545
4237
76763
7831
55167
44587
26083
8331
68347
65188
78574
27186
6639
72386
74553
8207
68848
27563
79824
55555
77837
66156
74488
58351
60295
57504
80969
8125
79720
73860
79242
49422
81191
80831
83270
81158
81512
8256
81229
76173
25918
40955
83369
7349
1934
73881
2936
58490
85007
84954
6370
34198
77328
55901
76054
58303
27006
86298
80906
87234
33072
82037
37857
90266
84240
4644
87304
5525
91094
88672
81018
25827
80185
90647
85394
91869
55176
91134
2792
42
7371
3265
8011
866
1041
30822
27899
27837
4890
4351
1371
2871
5949
8959
5732
32022
27834
27271
8157
34536
34334
33358
27816
188
30803
26865
204
24
3783
1049
4383
207
1991
5298
32770
4214
5485
8919
33683
4041
3981
42011
34271
27432
4037
1713
39234
36527
37475
40959
5015
3798
2404
971
491
5293
2506
2373
1286
4572
5096
4808
8795
33675
32582
42734
42018
42004
38188
27828
33649
43396
8340
45183
38994
7982
8121
6301
26005
26012
8208
25995
49822
42728
49961
49347
49130
26472
34336
50158
44974
55080
51660
47978
41721
1037
27716
57464
55094
27722
57353
59336
7932
48872
26681
56389
27584
62801
26269
66198
2318
5992
54513
64229
68791
69529
8768
26270
70336
51357
62803
42422
7925
71254
62250
68135
71838
65982
80126
79057
7020
85131
75985
27821
4725
32657
85179
485
466
6461
7569
5541
7376
6263
7842
7193
2340
161
1631
5833
35957
6506
6059
31804
39052
4159
6879
2560
1672
4488
6187
6664
6283
7348
54787
2275
1129
327
3947
7841
56251
41716
62956
61248
26947
514
69324
61986
69275
5039
74851
4930
2983
5047
39381
40278
3104
66427
3896
60161
3985
56921
507
4681
3015
39446
31923
5767
47725
51540
714
7944
2288
53460
3342
7000
7007
31952
1658
55261
849
45732
7101
2745
6323
42632
32460
3355
39444
4661
4248
45672
2195
6890
56169
2
58806
54281
48856
64969
62644
3328
72380
78703
481
79139
3717
48543
77843
83349
78039
74228
65642
77206
85022
76077
87522
85397
86293
88118
90345
78349
90057
93805
95088
95720
97306
94833
90531
104879
103384
101864
100383
101025
2580
2921
102993
27178
105593
114935
6214
113741
96829
78088
94677
106002
103335
2672
6620
27416
56941
1911
58376
3785
27871
2389
48997
69134
79251
332
117
8228
1298
55278
31123
454
435
2513
4148
1333
3174
4945
4911
4981
355
105
3450
4865
1345
53887
3498
2664
2118
8906
37720
273
7001
6242
2517
51927
50804
2606
45662
532
742
6220
3157
7888
2596
65135
65133
1241
2696
3045
4803
26240
33036
2476
5506
5382
6774
1699
7561
32943
26693
2922
3769
3420
1050
53207
4285
5530
38992
36397
26680
81
6166
71745
8531
97923
432
3936
4321
6944
2013
7151
6299
214
199
7023
6428
482
1845
8833
6743
27792
1257
6538
6238
4970
4033
7485
7844
8235
8042
4404
7064
7067
31437
7564
3260
7302
4754
3706
6552
7786
7745
8969
7063
8253
6666
1797
3742
1545
1757
3224
8195
3289
6668
4846
3819
8582
3181
1103
1537
6935
2624
4278
446
6770
7486
7756
8477
5489
2972
3266
8930
5417
2351
8197
26151
3200
26055
6660
3645
4211
647
6808
4102
665
2728
5420
7294
51088
8861
3452
1518
145
3267
2001
1287
2002
3441
1457
5103
2334
1409
6780
7649
7810
7811
7812
2808
6959
3827
6264
1375
3802
1918
40851
494
1027
5146
3406
5038
112290
107141
111443
112138
103980
96811
100556
1189
3201
2932
3634
104913
2303
4432
7072
5440
1226
3551
112552
47721
2730
116161
116799
3061
946
42094
117176
1946
25805
115210
25825
841
3071
7713
4356
6031
25764
104078
2709
103883
111113
107406
942
4419
25788
2727
7013
3310
940
7076
1372
4344
2405
3254
4084
5693
1373
2393
3638
1587
1476
6548
1590
2986
2991
2410
6888
282
765
1665
1972
1969
2121
1975
63
4502
3186
2643
4678
379
4487
2940
1347
26422
3654
59014
64983
70451
26467
59103
31528
26249
72378
2311
3070
72405
74156
72919
82169
2067
5944
94478
2391
1982
68536
3339
77658
59731
8451
2970
4980
3007
7934
1248
2330
3129
7924
7084
535
1546
3925
3747
3543
7792
599
3813
1273
6954
33817
6344
4888
6978
5121
6542
3521
53161
3854
48744
3008
3858
50842
1057
32291
1627
3415
1648
4300
31930
781
27109
6881
4873
4552
5909
27636
33621
26974
26736
34164
65418
56671
53769
2971
680
748
3272
6023
84775
63072
91128
90717
89535
94777
91690
95309
86548
96488
90600
99112
4470
93512
100344
64499
3950
6790
585
4020
196
879
3705
6893
7118
6857
434
2541
837
7149
3248
3268
6591
7802
27869
3470
37384
6567
27700
1446
79946
80590
56093
6237
3101
2795
3066
3296
3244
4787
8880
1343
7614
4292
2779
477
6170
4329
4830
7618
26649
3330
69849
53024
4489
1593
5943
33499
67788
70183
1892
932
3841
56176
4564
4080
4474
4912
6186
1381
6992
3074
32302
4187
2822
276
3501
8614
4709
3528
8362
7617
45208
6779
3871
4710
1894
538
6810
2322
195
7082
7394
3494
7781
2297
5668
6178
8334
6669
1218
86345
3095
7698
53466
48593
6952
52283
34532
59709
5108
1438
3861
934
3250
42725
86290
4276
27741
7766
27772
5528
6380
99813
98124
91535
30894
8814
8575
3476
8012
33896
27317
4387
71135
45081
79357
59392
68959
95510
94864
68952
6695
90405
5685
4996
5074
7285
5792
6820
5955
3943
5881
3565
4867
7258
33677
3062
1772
3091
50068
3301
5633
5308
7054
6793
5874
198
2718
4809
1161
1191
171
2188
7307
2282
3526
4439
350
7586
7646
2561
54612
4585
55031
56012
5139
5049
51037
26870
48326
3358
27618
68793
8591
4939
48877
27373
4322
2335
6287
4220
33646
27410
6122
61697
4019
46965
45501
27
5101
66297
3044
1091
6832
1405
7018
42163
27922
78729
79008
59810
8827
45928
2371
7004
1883
57401
2378
4621
1100
1792
2433
1810
2375
71530
280
338
393
5214
7701
33164
4683
6880
3439
8831
53827
4121
371
5102
6559
4509
8862
31114
5650
49910
2841
2796
37727
2447
2416
5
2861
5572
4149
5540
45730
1833
6999
4010
4814
489
3040
8860
39231
69306
2524
33154
69604
6932
48142
32019
2372
3784
4821
2891
7362
37382
54686
36533
8918
6374
39307
39449
5544
3324
40723
45503
1974
39419
516
848
47950
1609
569
5707
38538
55732
47261
61705
50445
4898
56379
7377
6063
3712
225
44197
61262
58876
51925
44613
2387
2084
50447
30898
5241
62799
78218
88950
66544
90645
65088
90719
93982
95441
96110
79293
69524
3801
5644
2520
70599
108548
26082
41627
6643
8199
8581
6902
50189
6040
27674
6763
4899
2699
4238
3617
52644
57910
62733
55955
4587
61246
7894
3726
40148
799
33834
42723
1425
3946
23
6586
2401
6645
31101
38600
7300
6868
6394
49396
4957
53468
49276
5247
3811
5198
8604
8711
52321
54999
52950
47937
54745
56156
7137
6990
49284
58156
58622
59985
3032
59022
58839
54962
2060
60418
60674
38095
4440
6273
27156
66240
27073
66335
5602
67923
26322
69746
62376
5125
26203
70533
26925
3688
71248
26471
78162
78544
79796
81156
84601
81537
85780
86911
83803
4263
84942
87876
1353
95875
103042
108190
4183
1964
4546
1809
2203
7320
38798
50802
3440
8937
27604
6339
381
5893
3158
3502
4558
3270
3046
144
1541
1970
74789
1971
62511
60609
70159
33145
70208
6615
605
55577
72129
63436
3633
5900
95105
98491
1078
101285
31545
6974
25750
2068
3011
4359
492
5021
109848
3618
166
100745
4210
97225
91976
8620
98243
50641
26094
8511
1176
4357
104069
4437
2074
7043
93838
112515
103075
111360
31364
3306
112804
6818
32179
7089
2805
6530
93363
47894
69951
47254
65225
37731
48032
46559
4815
103249
102123
98361
7223
663
3545
4036
8404
2070
4464
281
3230
6303
7579
3185
2236
31035
26485
26555
26375
8266
8045
7624
7381
7046
7044
7036
7030
7026
6991
6977
6862
6850
6582
52694
50792
26462
1344
6162
26318
3655
31309
8405
77307
5526
4624
48231
47465
4673
4231
3998
493
3208
782
6058
2411
5220
4345
43560
33830
45666
8372
718
7227
4039
8609
50601
4795
3549
1083
3412
8534
43917
53993
2102
46062
6713
58972
3232
1834
3028
250
5309
8044
25769
289
8385
46337
901
67867
69069
34323
1361
6269
6430
33138
7899
8797
2430
6433
32853
44828
54785
27850
34326
60937
1904
2660
3018
32387
2644
2648
3075
58332
6971
3016
55444
67408
57274
26122
25793
42217
1342
7820
8670
164
8484
4444
68324
81417
4441
49225
4789
3930
74754
32898
1301
74685
7883
6395
2654
55553
91126
89470
2488
90469
98122
97188
96281
3832
3917
27746
1076
4135
82242
104908
3093
74370
103624
111364
25755
4195
99917
2662
3036
59440
8675
2670
2366
5410
8094
3873
7728
1633
7104
2527
1340
1927
7367
4889
8576
8117
60128
8016
26413
1430
409
7827
70862
90528
46850
82
49957
6002
6939
56333
26812
79897
73681
102720
101525
3169
5480
4005
5025
3591
6012
62999
61465
60943
26007
64575
3115
55255
68659
67620
65130
49312
1484
68552
64197
69574
68932
58299
67665
70687
66200
70984
71429
69516
72131
72741
8401
26111
8154
5825
3196
7762
7010
1179
14
41
8337
3720
51575
48061
3394
2950
3257
3130
427
7319
7228
3825
2558
4203
2269
7056
31116
8600
2206
3035
1931
7216
25828
26476
25916
7042
6448
7771
26116
5601
8158
6840
6454
921
7889
3135
3668
5383
8183
7040
6989
26
7714
5646
2442
3094
1171
3125
6279
6357
3203
3685
2159
6927
537
7487
7011
229
3316
3550
8501
7179
7354
3557
7791
5965
159
4056
3529
3505
4473
3906
3836
4947
4498
6254
4184
7840
7212
4798
5397
4802
6228
7211
8712
2847
5836
7217
970
7061
6047
6064
25855
5001
4420
7219
3487
4704
8661
25938
8446
4042
7070
5826
4411
26139
8491
5847
6579
45335
6856
26101
4401
3516
6409
32371
3311
6422
6429
931
2221
2178
2227
2181
2205
2187
2180
2210
2182
2184
2204
1346
27020
436
5809
8365
1366
469
4205
6961
4784
7003
2551
30850
5016
6950
2598
423
3204
6077
7980
2043
4443
5499
2443
3197
257
85
7572
26782
5404
1615
518
4727
5604
25923
3096
25856
5005
5796
1941
7338
6032
25971
25901
4000
6441
4191
2390
2349
5899
4932
5915
8010
30701
25999
51678
7008
40973
8191
8772
8651
1162
50274
7051
2320
2550
34143
55288
892
4562
5553
26562
55259
25993
31260
48698
519
1099
2361
64501
8493
5054
7743
6803
9004
237
2497
3684
3791
2412
2312
1379
542
2735
122
1297
383
540
2237
6005
65577
4336
3354
48678
2504
2262
5009
3701
4031
4713
45106
8190
3478
6230
851
4021
5068
30818
7062
6748
6869
39398
8844
157
26398
34523
8800
7114
3952
8142
7991
3430
7920
4772
3221
4500
2370
1660
1416
6909
4863
3915
2151
2374
5107
26386
1897
5588
44397
31689
6873
5051
3102
5479
3760
5483
7297
6858
1730
4765
4518
2713
5569
627
4616
3978
365
2747
176
3713
4951
7009
1614
73290
25952
5516
104283
98604
7983
33564
1913
4395
116797
59900
119145
2380
74624
89780
3986
71057
27251
43930
94015
91485
91653
5313
90403
80241
103141
56846
54276
96655
95201
93740
83086
60816
65685
108928
102819
59519
90376
95873
105355
90374
97860
95449
102800
104272
102033
103539
97866
105211
94985
110882
111622
108729
91199
112940
96911
87660
111384
108583
93040
44633
125
6436
1414
53447
95761
2633
4030
27839
33158
46335
8526
43558
5570
549
6021
2677
4334
1202
154
2585
302
1924
4407
6966
674
3693
2704
3729
4082
7577
8273
567
7060
2789
2790
3258
2110
6060
4662
4529
2757
6786
2870
94780
4743
26840
40826
60291
96588
116823
113275
3347
6724
6777
5398
6986
7122
34359
3546
26283
7787
4337
3724
4339
6672
5040
73808
87485
104243
313
51834
74946
73015
59404
85367
80586
6367
65868
50954
74282
26528
7092
7379
5385
140
1840
27822
42007
46974
6185
8916
49524
51080
8948
55272
56885
58879
836
60939
62437
64030
33126
69606
78041
79592
81784
82202
2553
4190
91978
92008
66798
1069
98585
99149
101895
99728
99117
52606
104303
106441
2995
631
45003
3467
89047
43652
3146
72554
5137
6195
5059
6286
3822
6268
5817
5686
7459
1719
7478
213
3920
7620
1836
4312
4645
5026
8933
27838
5258
3989
7299
33838
47404
64993
32554
2057
7178
77833
103772
106072
3964
27619
48414
102716
4902
65037
7981
7024
4553
632
74740
46156
73587
49394
25774
101973
1844
110501
114060
104211
101741
58554
31270
3932
93790
62203
5475
53326
82667
119141
27478
100108
102686
109673
106062
80139
501
7115
5105
4658
4833
3727
4794
6368
7937
8589
3235
2734
4785
5379
30846
6027
7720
5712
4255
1385
999
4577
3733
1051
948
949
3364
5653
2784
5649
5797
8928
1419
565
5980
4009
3384
7027
7984
4537
4506
8512
1130
7225
156
5788
8923
26172
7029
1184
4117
3223
4283
5339
4064
2901
506
4541
41014
5853
2337
8225
5859
2290
1498
521
5522
7442
5666
1334
1454
6782
3587
7951
2376
34321
5165
26603
7976
7817
3918
8578
8367
4126
2794
3970
4396
366
4466
5478
2122
5027
4501
2460
3696
26606
7930
4697
5891
6379
26875
7616
27865
45382
43908
358
1392
3515
4654
4318
8019
4350
4389
5244
7809
8813
1529
7069
31193
27664
42900
48165
7650
45506
52666
2130
74868
8951
6598
31903
56274
4958
90603
2135
1951
4545
5568
8796
7647
6561
3928
5472
8731
1009
1030
1007
2051
6405
2015
4188
2253
4392
25954
1277
1616
3398
1862
4254
7352
27482
46
3249
724
2518
464
737
5524
640
7236
3484
79
110553
109895
101106
97395
89804
101142
27329
108979
103659
8785
8915
7238
7210
7311
7584
5333
8379
6412
1929
5721
5367
4174
5799
7068
3167
2725
5373
6920
2848
6609
8143
3983
1085
2943
1936
3111
3789
2929
6356
5202
7080
7059
4194
4966
6035
31590
861
798
5941
4748
4900
69
5055
7048
2422
719
193
135
637
78160
51638
6452
3968
44972
1821
4757
2432
33495
5296
33826
56607
92643
98017
27002
27905
2888
94
3594
7019
2247
2978
3851
2071
4061
2252
1755
2111
2800
4275
321
3274
7915
6721
5628
7017
8836
3614
3053
3927
4146
3534
100
7560
31807
6387
47810
51418
40586
57147
31785
59026
63033
69140
1461
1791
58315
71668
875
27555
1753
1735
6611
1860
5607
40010
5611
52
7107
2099
8291
3707
1066
2927
1938
7748
8724
2676
51277
1021
59258
47640
1431
73854
71500
80363
77427
77798
78266
78772
82744
2719
72407
1359
3646
267
4876
77364
1681
3444
575
74532
1762
71252
59727
4770
79879
4224
5111
53435
558
1999
1465
1623
5387
48518
6196
6265
5255
9005
26842
4771
42013
4373
52717
26629
181
81535
60941
1128
85020
80219
86295
8015
4941
76030
85796
84950
83374
90888
93831
1973
88932
94266
72489
8147
57637
97172
99910
109864
1187
2425
299
5818
324
76079
105468
110730
101362
113378
114180
93855
86000
71129
947
25826
5279
26502
2902
7364
69818
84716
8751
43419
5803
8369
6624
43679
227
20
44004
2764
7150
26052
26350
72701
6382
33815
8605
5888
2034
3153
1726
91104
7505
93326
78893
100302
98203
96691
54796
110127
43928
97024
109578
114795
108188
108945
100498
112171
112370
100163
96861
53906
58425
74152
1135
30848
4450
7025
5820
7366
449
6322
991
4178
2883
1290
3879
6493
4614
6812
8643
5414
6619
6212
7169
4267
7450
662
6222
7255
3987
1769
4745
4062
32298
4774
3865
2171
43744
55451
27647
58105
6159
7038
42732
32300
7879
3063
32296
79588
32009
51091
85025
36363
74727
94150
4826
52806
71550
58297
70643
59995
26148
92507
96857
96121
4969
96693
102407
450
1866
5638
8295
8805
4066
3787
6882
5640
8573
49280
5324
47264
6008
62049
4557
2448
27397
61026
72356
84187
74668
76210
74530
83480
2348
5095
6193
7045
533
2166
1944
2280
2570
2202
2328
5873
74
12
2846
3738
2926
25773
7757
7208
25886
8459
4426
2363
702
943
7218
6727
4433
2782
4403
8338
7065
906
3929
8387
3979
4040
2325
4649
26492
71304
57980
60566
61646
26444
34520
61289
91548
77414
92422
5401
3689
26425
3576
6800
61350
4735
4234
33672
5357
27391
3117
27338
1390
3090
37955
61352
5637
41617
2563
2682
74416
8866
81804
90430
75341
5312
6341
4095
1554
32584
69436
6482
54648
4265
2392
57532
6338
54732
55245
71131
56079
71466
75805
5879
7448
83219
711
69644
48262
55250
6686
54256
49526
55241
4153
31867
3990
6332
5092
6464
31223
57526
1450
574
4788
73211
27033
60904
55067
103306
103235
4458
46772
91974
801
104241
113573
95207
118997
74452
6886
62970
43914
72393
100244
54075
103372
26391
31408
8330
26302
8056
26178
5867
2611
26770
65612
6416
8494
7979
117533
76091
48879
39715
33725
37477
55205
50851
55116
62792
1355
27193
48883
7079
56563
47394
63222
73000
60818
85438
89761
95313
3341
95858
7773
2169
2759
2806
2519
839
473
8017
5119
3736
46855
7074
6467
8684
8188
32525
4806
7396
7333
2905
6126
5932
7941
25766
5022
26788
7335
8601
49355
7243
5603
6967
5056
31522
7206
25947
8752
5763
7086
5272
26939
935
5605
1572
25839
47306
3010
6226
7749
3606
3547
60382
44937
5073
80
4687
7171
27768
4151
5752
26400
26360
6509
6581
26208
5062
2285
668
26225
31347
25929
25905
25941
31255
8167
73759
8482
99912
89030
84395
27491
27778
177
27434
2093
67186
7247
2033
2867
5663
26810
63179
69458
31427
65882
1942
59143
70728
31162
50923
55284
4989
4167
8815
7449
4531
6723
26258
6667
26554
3569
57845
2483
46347
4711
3327
27884
60341
43897
30892
8426
6945
55156
74677
3338
51127
61257
6327
65230
5896
77421
79073
91622
100390
99437
96612
93272
1327
203
26198
32289
3051
8947
3350
2310
222
218
1422
1480
4291
1014
3466
6232
86
1940
26147
2146
39886
59590
27857
414
1887
84273
6896
1683
32349
8227
25937
25835
25841
25795
929
3145
5304
7578
2925
44301
8221
6898
8521
26578
26326
33451
5503
8239
47634
4399
3637
4801
1935
33893
1487
57534
5843
68941
64114
48711
52712
71205
72165
2165
1150
4811
4628
7835
7833
7832
76
4454
7306
8196
6798
52668
8809
50011
4862
27800
63433
26713
390
26585
8955
27366
4916
4368
55946
3099
5145
6022
32456
72209
5460
3843
5300
743
4424
2938
5122
6100
80864
26599
2383
37380
27022
1858
804
27523
44929
2593
27036
32840
68945
6306
334
26152
89039
8869
8911
88812
34540
91079
55729
99145
96567
101577
94018
82095
95567
2575
7581
2344
3078
1169
46572
8982
3831
2263
58154
6997
6811
3746
4207
5438
1515
2879
2880
6679
79553
36850
95307
8119
2437
6280
2468
456
5134
6516
4646
6508
5636
5665
1846
1417
2919
5684
92
6784
40966
3179
897
4282
6983
918
2495
70849
57502
69995
4849
4
3649
1629
5237
4664
4496
4169
4936
2097
4067
1875
8535
7708
5497
3734
3404
4732
1363
2882
6006
33592
4068
5361
47970
757
50517
4405
8261
66547
41724
64278
111921
5348
4599
58223
67193
64231
61401
65142
70361
74944
82053
85736
6219
4104
2036
31445
48943
38499
8905
2721
95311
7939
5914
48696
61967
58334
5937
60735
70846
69988
67801
72479
77240
108727
108981
5963
4515
1995
2456
51562
62834
69654
70305
72308
64032
7562
5678
760
5981
328
426
4305
2802
4274
3150
3127
3728
6545
3598
5619
6789
86628
104339
103801
4976
47830
41769
2453
1395
1016
1707
6794
5784
8912
107069
104337
93297
81731
114662
2931
6244
617
3538
4296
7093
5093
82244
7489
25891
3388
6335
32721
5643
3368
26199
25962
26479
2088
5099
1024
6082
4690
3189
47202
69394
2736
3142
6571
4714
3627
5434
4442
66870
67508
2607
26527
63189
61724
96832
40491
7942
107883
111235
107771
59549
43836
49314
58627
77629
48825
69278
5128
85213
78034
2315
829
190
818
550
2907
4480
3177
3821
42009
2381
2382
3243
6946
4613
2798
2799
31422
38388
58655
59421
66783
67695
46865
65810
4158
1388
77191
8485
61255
27744
82527
82463
8327
4640
2612
103984
2765
4313
2771
6041
92694
3202
74791
7334
4523
69712
65465
82589
8690
81641
85790
92243
86487
26303
30745
490
43899
26237
2279
4055
31956
49856
6192
149
94126
7071
49528
60647
5423
3055
4850
97393
3621
37495
102684
4325
4927
55286
65601
7843
84952
1983
58975
1985
2107
5081
49666
7199
4155
8532
5682
6067
8133
43910
8755
81791
90357
95939
110586
8456
3672
44889
90738
77795
60007
89260
6722
68486
71484
66317
97057
61406
30712
6982
25868
25945
25898
25852
25911
93988
2120
1603
548
26504
48591
45074
50796
50800
66090
27402
8130
5515
78174
74688
56508
56908
79684
81383
60408
5391
4273
6460
3519
351
305
2155
3004
2613
3480
5548
4971
4212
2877
4116
6809
8270
8499
8765
26064
7938
32825
32892
1556
4636
32017
2807
2091
2532
2531
2429
73027
35015
4338
7266
57
6951
2399
1920
5582
4834
27802
26085
352
33124
4591
65588
84615
87194
91414
26324
5974
26701
421
55652
53127
38097
58964
32743
63826
74154
102481
93443
83302
62718
3163
1399
3194
2356
5452
26246
76738
84847
5316
4563
7033
7918
31547
57972
38198
92475
6123
6641
86892
88515
66785
105653
104944
7919
33454
26758
3658
2131
3771
4915
8
688
544
4756
6583
6558
2106
4452
82143
6239
49013
7369
49647
61123
50806
7316
40962
69253
54910
4124
103339
96728
26241
7492
89343
32239
3219
4215
2249
2148
49220
50064
54775
59594
64116
68444
66385
74948
79860
80166
95583
9
3955
77667
91325
91842
107348
3718
43684
59333
7055
59220
81910
99468
118900
2829
32011
7437
91890
81385
101088
112421
103048
7759
8364
62235
85056
87079
100527
51694
65193
3632
74508
43497
694
114552
44225
1848
65585
7142
53002
70334
53140
71460
4372
53138
54734
52456
5264
44943
3966
31485
26306
43
2457
4626
42351
5642
27456
60948
82534
101360
32234
3251
5986
26313
32369
4479
4046
4410
6229
7895
4393
78
2069
5435
2177
1937
55895
44168
8335
6450
4429
41226
6573
7250
25930
4999
8618
41585
25961
5660
4422
25943
8767
25870
7896
7897
6734
33288
7702
893
26231
1337
1082
6859
944
3405
7303
6051
7585
2163
6816
96150
6119
68472
26743
101962
71438
63239
1646
8978
609
1011
31431
53974
1442
61394
6014
51372
6658
46653
1503
66744
81516
87004
3754
71325
7782
4409
89629
103279
82041
102588
96751
5680
1594
2239
26325
55063
7126
32139
54780
1447
2481
95543
58492
55687
79318
59607
82173
1925
2969
5142
3076
2787
2075
27876
2436
89678
89074
61167
6885
5450
8884
5451
51903
4219
7789
54193
26760
8967
1401
2875
1006
26750
62577
62137
43677
71670
5947
46919
5011
86815
408
88179
92048
6517
93265
92920
3554
8799
6687
3616
4168
7259
7705
907
26491
93475
89072
95654
77846
66691
5127
73392
8848
25753
48560
27812
26564
48598
34811
105835
106452
27408
4769
78517
2463
2450
26695
2583
6078
31617
46959
1760
90914
72167
5801
691
5246
6918
6584
4079
26464
4768
72294
4813
2287
26285
3417
4186
5169
4330
31950
101112
31374
109846
7891
25927
7241
5498
71902
71732
47446
8786
659
26002
27851
2346
48342
33487
4438
26616
15
6678
5651
6638
6629
4618
7102
5226
3206
4589
7039
59604
44058
27689
3566
2261
39400
5076
6984
39768
835
3794
4723
4024
31687
1236
6671
8520
483
54094
3599
7050
97936
73168
102792
80398
38294
72228
86835
93270
62836
4415
3680
1979
4544
33603
58246
70344
4767
2961
50651
51991
47778
27671
6252
4228
1453
103137
7990
50003
71910
6243
51545
3708
52929
766
72694
3799
5523
94931
4484
26965
5765
60141
73929
1752
103810
112897
6345
2557
27216
32196
85316
77201
2170
34482
8650
2988
33421
4555
1056
96467
81786
97168
96314
113225
5465
102753
90947
68749
34530
3824
5969
26688
1978
26819
73319
7340
700
3392
42958
2514
4812
6732
1475
5012
1306
93766
6884
1881
7374
88267
72714
65802
5563
7260
8667
103606
3120
2027
2587
2549
43919
3190
2500
40574
4141
4682
42946
3553
53919
3872
8008
56719
115231
5007
6484
7134
32792
33463
6958
3997
74089
80748
66130
3770
26513
3205
6140
6750
74750
88345
27351
26631
4294
7940
2774
2639
27826
2967
1977
3017
2852
56001
83293
77233
80928
115122
191
69685
48059
27369
50259
51063
61
670
44657
25866
2555
91233
4077
5625
67252
47148
91323
187
5447
2996
36477
51937
891
80551
43904
2119
6013
169
63515
5692
49412
81132
90576
7580
5323
1389
973
8126
1948
8739
26119
3564
6592
7372
2238
8495
33722
54328
8738
26745
1976
1986
1981
1984
26222
43832
4595
72043
8134
58078
45635
34155
72176
65939
37545
44317
38824
78679
99750
115170
4166
5109
6703
