4643
170
531
616
2140
2722
2313
2688
2428
3113
1591
2600
8169
2572
58293
7541
1367
32
4792
7444
53953
56949
6502
53000
51662
5151
35836
7293
33585
8810
56801
5377
344
19
410
2124
828
1274
8977
1032
1214
1200
1320
3897
7173
1225
2858
59418
45361
2706
1321
2793
33085
4235
3892
4340
27660
43556
47124
2294
48304
150
31184
34338
1917
50162
2827
27368
4366
2153
30812
3525
1270
2011
2012
8973
1255
2018
541
4878
7361
31658
2571
7099
260
1196
60069
160
1882
60037
880
36509
405
3826
4133
673
6541
611
172
4638
5171
208
4887
5459
60760
8361
60514
1544
1876
442
32213
5219
1690
2717
27608
52722
780
6934
52287
3745
45499
37830
60040
34319
8644
6365
34048
316
3300
7022
7254
57368
1584
2232
1748
1253
49278
42718
1097
7481
5903
1653
741
27728
2716
52281
57640
2761
59315
480
3702
1580
5445
52885
3527
44849
27904
5349
8636
589
1240
2916
3793
6333
3054
546
256
173
2642
7846
8870
54771
7845
34150
51412
3697
6534
7163
5463
3438
3269
8371
5046
6537
4446
8865
5378
32031
3704
4533
6659
2134
1676
2105
5502
3033
592
56174
318
60832
4993
3114
1136
1073
648
110
8622
6874
6863
6539
6377
5816
5669
5618
5299
3863
3752
2355
2291
1339
1029
1028
784
610
551
158
54001
50872
48394
45722
33679
31878
30793
6953
6503
6281
5782
5400
5266
4388
4299
4054
3988
3980
3969
3247
2840
2720
2004
761
56757
41571
36401
8965
8907
8640
7439
6996
5283
4974
2959
2240
2042
2028
296
356
593
1
1210
608
377
1198
165
595
153
364
597
231
500
367
1721
587
1197
2628
253
1291
3578
1036
185
4306
586
39
5952
2396
1961
1527
1387
8368
6378
6016
4896
3000
2810
3159
7458
5152
33493
41566
4973
33794
4995
33660
33166
58559
62265
27441
67295
653
55999
63859
3753
8972
53125
3083
5225
1046
64034
53996
43932
26887
66171
68319
51698
5444
6731
2455
56145
968
54995
52328
3994
44191
6979
60684
6250
44731
64497
3864
6294
64997
67197
69526
5882
31660
1391
4571
4492
2985
380
527
588
736
2762
41569
72641
48774
48516
71282
64614
34542
65514
48738
6291
46578
7153
4226
1952
1283
3507
4280
51084
42197
52375
44555
31410
43376
8645
27803
7767
44204
7323
44694
5878
5608
5477
41527
5613
30749
55052
1305
1211
1209
7034
4967
1252
1247
7234
1201
1206
45950
56788
55820
6197
3426
61075
2289
59118
7456
1641
6942
57792
1230
3812
3967
2997
6711
1221
858
64701
51174
59018
4428
69122
1784
8254
63062
186
60482
71033
76093
8961
87232
89745
112852
91500
98809
79091
86332
73321
82461
81564
79695
78469
86880
84944
78105
3671
5218
47610
73017
4016
7373
59369
5254
4343
91529
54259
6754
77561
88125
4232
81834
33615
60074
5574
5785
5110
44022
5267
6297
4886
70286
40815
72998
3916
54997
59784
69844
4700
46972
6156
88744
4386
118696
6218
38038
45517
8985
45431
3483
47200
42738
56171
102125
106487
51077
49274
7324
59501
106489
36519
57528
5504
49649
48322
4990
40339
6889
5804
76175
34332
8808
50798
87222
65682
61160
83613
87430
68205
85510
5389
6566
3751
6385
82459
37386
53121
88140
6753
53464
58025
56775
7317
5621
2501
1223
1019
3396
107
60
2300
2231
5902
2023
7438
27773
3556
3949
40819
50
47
1617
1265
6003
4954
2692
4011
2360
2542
44665
2329
293
778
1089
30820
111
41863
55995
55069
55269
55247
27005
1222
56367
55442
56782
54190
6773
48082
8983
54286
32587
7090
27592
38061
49272
36529
5418
8798
53519
7143
8665
53972
6618
7235
54736
49651
8968
31696
39435
47044
8984
55232
6595
49530
30810
27801
50005
33903
40870
55280
34437
4979
4381
5577
52975
36537
37729
54272
4014
3535
53322
8360
5991
33004
8376
56587
27797
5014
261
3082
1962
2881
2359
830
1680
5013
5380
838
1704
28
2918
232
1278
8970
62293
3079
8943
4246
7155
613
4308
1923
372
2145
1635
1354
6104
27266
910
1282
3148
308
2976
7365
1884
48043
1279
8638
7147
27721
30707
2843
1259
1246
590
539
357
1193
912
3996
924
1208
2019
2174
1080
1183
923
497
34
36
6
300
223
11
1393
440
1213
474
2683
508
509
1517
750
1101
266
235
337
2797
317
2791
1682
553
832
1485
1394
2000
2640
555
1288
151
2406
3408
1358
5060
1094
265
1639
2302
802
1234
1396
1608
1625
1266
953
342
552
1148
1207
3175
805
2321
1250
246
852
1408
2804
1199
1242
1302
3253
1909
45
785
2470
1276
1084
969
1285
1275
661
2770
1747
2407
1088
348
224
1263
1729
1262
3072
3255
800
2248
1172
2278
1357
2161
2193
468
1203
1228
1231
2150
3006
247
2968
3256
431
2108
1479
2021
1272
2746
4370
455
1299
2020
1244
3552
3108
2076
1921
2352
2908
5010
194
4720
3361
2243
1296
3107
162
1093
2420
1960
3386
2944
1292
3317
1965
1957
4447
994
5679
1586
5464
4848
3252
2369
1095
1175
1104
4002
1020
1449
4262
361
382
3105
2686
1441
4975
2616
3424
1958
4223
3100
2739
5481
1945
1124
1711
6807
5388
314
1959
2245
954
1678
2384
2116
1956
4734
6870
3098
3893
1693
1081
428
3168
1217
3504
3360
3037
3699
5956
2065
6373
233
3536
2803
2469
2917
5673
8784
2139
8464
1459
517
3019
1096
2912
8949
1303
4007
6565
3763
89
1238
4008
448
3468
950
322
2474
1237
720
1967
441
2085
71462
7256
745
79132
2324
33358
26760
4312
50912
157
36517
2009
2080
2144
1916
53894
55282
407
3261
2395
50442
7451
39414
52973
48385
4034
51255
40732
39427
2026
4239
46976
4367
1895
3911
54503
27879
47423
1732
6710
4027
4448
40583
141
33136
147
6223
8910
2502
3481
34162
8874
1673
43708
7460
1059
45720
2836
27788
2702
5080
4816
7346
8366
1235
3555
2431
3910
1348
2114
2138
63082
59387
4380
2528
5995
53123
27866
60766
1271
4703
1185
3735
1132
3508
1483
1194
3682
4705
919
1968
1079
1220
4022
1500
2268
236
58
596
1376
1375
1371
3363
1688
3030
2160
2010
2871
5291
2529
1997
1233
4105
2288
2788
1204
1258
2947
4025
1042
2078
2087
4701
3984
262
1588
2622
904
1022
2081
3034
92259
1280
1224
916
911
945
899
6787
26614
48780
7669
7215
933
78499
1086
3097
6331
27815
1293
4406
17
88810
1552
3052
1722
5415
5294
733
10
329
2987
1356
2700
3948
2467
5938
2413
5120
8917
4799
292
62
1307
353
2115
7162
1378
3365
4642
2565
6768
8873
27808
7318
2599
1380
1035
48
1777
2006
22
345
1377
1674
2671
272
902
475
2336
1267
2490
4225
8958
7160
5630
5617
5446
5876
7445
5425
4880
3993
5632
4017
6957
42002
4251
2094
6947
85414
66934
68954
91658
96610
97938
84392
80839
44195
3275
69481
5989
4963
34405
55290
3147
68358
457
4161
2089
86833
44761
73023
88129
96079
41997
68237
80549
55118
29
2423
97304
5945
2424
74458
91630
55276
8950
67255
74510
73323
81932
52042
3156
2141
2048
90249
81847
1025
97913
71264
27611
2949
3
6708
2052
4090
4776
99114
97752
1610
1597
4677
97921
93287
94070
103253
102194
104841
4901
72737
102903
53956
88163
1304
55830
55363
108932
57669
106696
106100
106918
111362
64839
98154
96821
81562
8914
94896
115617
111759
2005
71535
58998
8807
27831
58295
5265
53129
62849
6617
32596
109374
2366
839
2672
4728
2025
27839
8604
81018
79357
81845
81591
80463
68157
3868
2379
4378
40412
5004
71106
1261
163
1090
3020
3717
34323
6290
40278
39444
2325
1799
2890
434
288
628
1374
1215
21
6188
6323
3698
3173
2167
8957
16
1061
514
333
8132
4006
4018
3174
7360
3362
8966
33834
70
1476
8528
8529
33162
2596
1663
3861
2505
1805
1027
996
413
1129
8781
5420
4889
8581
3421
8641
7367
319
6811
4679
4866
4958
4159
6213
4509
3809
542
5255
2416
32029
8831
1033
1672
1927
6155
2353
543
2701
6383
75813
69640
78209
62434
44788
4349
1120
61250
216
61024
1466
7263
5292
2889
104
2082
4718
60756
46970
80693
68073
66665
69757
67734
73266
71518
67087
63131
79702
2710
66509
6707
2459
73268
62155
4519
1702
175
53189
65126
79428
71379
59126
55267
72731
72605
101
67267
3088
6329
4844
53318
3409
38886
72226
8533
58301
80094
80489
33880
80862
4247
52952
80846
471
2657
3448
3081
515
25
4499
3608
3397
2003
1994
1914
1589
1268
1245
1188
1173
1015
728
2579
3683
2952
6987
4881
2176
1243
249
3060
2109
4326
1885
1611
2022
4508
4857
5508
7087
7493
4103
4465
1219
8507
7482
7096
903
6440
5421
4612
6755
6993
6296
1889
562
3271
3499
3067
6709
4333
2077
1034
5890
7116
5065
7347
27706
8872
3176
1955
51540
971
5008
1178
94959
103606
104374
104272
102588
48696
82767
908
97393
4641
2726
930
71899
72011
27846
5954
3035
76251
909
89492
65188
6777
78039
71745
86882
64957
90866
66097
61323
6552
55765
4855
27674
8014
949
69574
36527
3186
5668
72395
7158
55805
55094
55286
59995
5963
64622
277
1873
7386
2096
917
339
941
8492
4783
671
7619
6201
1012
8341
73
1017
524
4535
6785
1013
4047
1569
1513
376
3259
2533
30825
8373
7154
5620
1350
5810
4023
2059
2014
6535
5970
51086
3387
62081
95167
109487
1907
86377
92535
102445
86347
106920
106782
110102
84152
45728
44199
1060
46967
7587
3160
45186
3039
4344
2605
2064
215
46965
6867
3730
27408
47640
39446
3623
3267
41716
35957
33437
8495
7137
49772
4052
3503
13
47099
2826
3005
1779
18
1835
3285
3593
85401
86852
87298
86644
86190
84772
87520
87529
89087
89190
90522
71691
62374
43921
72171
2058
3328
507
5038
59604
39231
4772
5525
7352
2677
59615
3418
1041
4978
1892
1078
3498
3707
4914
4572
3920
665
6538
4273
2585
2731
8477
4873
1464
27727
55063
27792
965
58303
2594
46723
6350
26840
8930
7371
2481
5333
30803
33592
4144
6890
34326
8573
8367
5269
6975
36276
2394
3087
2046
65
88
419
2053
2072
1966
123
2750
2962
915
6776
5135
1066
7380
3554
31685
31694
8866
6466
1821
2942
4231
2978
3452
1457
4639
7450
3257
4069
1475
5296
4155
5943
122
4936
1416
1487
5572
7149
3977
4890
8783
6862
4238
5507
4369
6564
6548
5313
5414
3510
3301
6367
2581
7
1918
2002
788
5
31
1620
64716
27882
42730
31225
4623
81788
80939
79134
81782
48520
85881
594
420
920
1407
4361
3450
203
535
3844
1030
2146
3591
1014
7247
4787
4474
70293
50685
92643
80906
94466
7502
96829
104069
922
1257
86345
100714
180
2318
7327
6774
62511
7387
1405
107406
3210
115149
2712
47997
5666
2580
2795
2060
6001
2371
2915
6620
87869
84615
6530
103980
102800
7934
2707
2126
3298
1488
3513
36708
5064
6796
51931
52604
52245
1785
32025
7124
5959
27873
3761
349
6337
8939
8956
2819
2301
5363
6288
5670
8938
5329
5500
3198
37741
3471
1954
1254
3359
2
40629
8370
8327
3089
2973
3134
1131
3462
3022
898
2920
26587
2357
5147
3629
7700
306
1281
2132
3677
6985
1251
6783
1264
86781
4928
1260
290
6235
2732
5017
97
1111
307
2409
2136
2354
3991
2054
2617
63113
1592
27155
2273
6936
1562
783
5159
63992
2953
2421
2687
1566
709
3615
2092
2137
26403
2090
8666
4310
4270
3489
2724
59725
2125
30816
6765
6157
502
44
3479
2162
2083
5069
33836
27311
1064
2142
2876
3945
62553
33669
1727
61071
2123
52435
3287
239
64249
4719
55768
6536
3155
2367
5364
3681
347
3992
8981
7265
60950
2951
82852
1227
41285
76111
4699
89904
71108
86142
47382
80222
89118
96432
82167
96606
79185
89840
68554
81819
85342
55721
6118
89759
2691
1645
3307
3559
73608
52448
58107
77866
1619
65216
26704
3435
8128
3469
1949
26729
2729
1801
43936
47518
51939
46530
48982
50794
8131
48161
31934
40581
54004
51935
44840
47952
45447
46322
43871
48783
48412
47122
45442
48416
44193
45726
47644
31420
40614
31221
34534
60753
60126
57951
60072
58103
26547
48319
2723
368
1573
2694
362
2427
1831
3624
1499
2471
374
5872
4015
3882
1429
3999
3972
7454
5449
952
3461
1005
1474
5419
2924
5747
2860
886
45062
61132
37853
52458
58803
59016
59256
62394
58162
63853
63479
2133
1031
3786
4128
45210
8879
8908
49824
50160
87308
51471
8530
47629
534
74324
1018
2183
6630
1438
520
5479
4994
2393
1951
1665
8827
6283
7991
56156
6550
37857
3208
40826
8861
45081
60674
59392
3355
4678
6242
4019
1125
6879
7560
2117
6893
4874
5528
435
2719
4544
43928
27837
50804
48560
42734
44972
4545
34334
6645
62049
5530
5093
31923
8596
4148
68945
724
1792
43677
69685
55620
73759
60609
56251
26662
30867
80363
6952
5690
2297
65261
93840
106642
108979
33779
3755
914
3675
36525
55872
49793
26999
2398
84637
1888
31433
49286
7164
56152
4823
74450
58347
2100
2485
5957
89864
4992
4091
2316
78316
69406
7375
32598
4317
66203
80860
84374
88405
58047
80615
1754
45221
90746
5066
9010
70567
91542
99007
56715
86817
6266
7027
2194
105504
2001
5026
2950
2735
3791
2468
5693
106072
95510
103042
99813
98124
1370
1372
1373
913
3740
4440
4467
1284
5971
3703
1726
24
327
80748
1127
4085
161
55067
60291
1797
48061
466
95
3785
1333
786
145
2541
2641
350
485
2539
1249
1047
39292
1947
2872
2948
81257
89774
2993
3635
2990
3744
2989
7573
3639
62113
4733
74795
1717
3273
1644
2338
1092
7570
370
6193
3869
5792
3968
2763
31101
4616
3384
51088
26462
33677
1769
454
62336
71468
112623
92420
96737
27032
2403
2530
108983
115569
55908
59037
2143
111659
3959
5072
3213
56339
87306
6764
71464
71156
93510
106916
46948
33171
52241
71520
8974
112183
4744
103228
83134
74275
103341
112175
79224
85788
103688
60979
80917
105213
79274
56003
52462
85412
78836
96417
5015
61352
78729
73881
75805
77800
49130
866
2340
2410
2411
3316
6059
8969
4673
45672
5009
27821
81229
303
64620
8033
5319
7028
2454
1694
2772
91077
92509
5282
105844
112556
54372
168
1643
2863
2946
34072
7091
6970
5840
5839
2857
708
3477
7933
986
6593
2941
6442
1734
955
7706
25777
1256
7088
938
4840
7037
6772
7139
3429
905
27912
7132
27878
27731
41573
2690
26776
7136
735
34528
37736
7135
6101
5791
7177
1827
7440
4217
951
42015
39183
8542
4688
3264
42418
6062
6216
937
1365
40414
26170
33312
1649
50066
7085
50229
49132
6271
7301
45880
7073
6662
6663
7121
6305
927
7209
33639
6400
7078
6683
2212
25996
37240
36535
37855
2208
6093
928
47999
5224
52579
6163
1912
1900
52967
26078
51884
900
6963
25940
25865
4921
3451
5114
2937
8754
1068
51007
4427
8920
4920
8838
6375
5177
8516
2186
5288
56286
56805
3475
2066
2618
926
7943
8336
7826
4998
27843
46803
4835
3038
8998
55253
6852
48741
8718
32469
8726
8999
31359
26838
6650
56141
60397
4347
26158
26903
59141
26366
6183
2185
3741
55814
2693
326
1950
3816
57243
2609
55274
4298
54881
26171
48682
26003
50742
50740
52767
1192
58706
7566
25763
33558
38384
60758
7836
43333
54331
31435
60763
8264
63876
26712
61729
68522
53578
67223
1289
63808
68159
7141
56060
27376
51705
72169
62344
71450
8607
3077
71542
68269
47491
71211
66371
67997
63446
71327
9018
74916
7834
27820
49917
64285
8260
70521
58306
71619
76293
67429
74545
59684
4237
76763
50514
7831
55167
44587
26083
8331
68347
78574
27186
6639
72386
74553
8207
68848
27563
79824
3739
55555
77837
66156
74488
58351
60295
57504
80969
26524
77455
8125
79720
73860
79242
49422
81191
80831
83270
81158
81512
8256
76173
7382
25918
40955
83369
7349
1934
2936
58490
85007
53883
84954
6370
34198
5470
77328
55901
76054
27006
26131
86298
87234
2935
33072
936
82037
90266
84240
4644
78637
87304
91094
88235
88672
25850
25827
80185
90647
85394
91869
1212
55176
91134
1077
2792
1295
42
3265
34153
8011
5325
1953
4681
3015
5303
5767
47725
714
7944
53460
3342
7000
7007
31952
1658
55261
849
45732
4351
7101
2745
42632
32460
373
4661
4248
2195
56169
58806
54281
48856
64969
62644
35347
72380
78703
481
79139
68135
48543
77843
83349
74228
65642
77206
85022
76077
87522
85397
86293
88118
90345
78349
90057
93805
95088
95720
97306
94833
90531
104879
103384
101864
100383
101025
2921
102993
27178
105593
114935
6214
113741
38159
6301
78088
94677
106002
103335
27416
40959
38992
6380
7216
7419
4489
2583
1135
2442
25971
32591
7084
3341
4029
3788
5812
7396
2730
4211
4327
2670
1931
5237
2664
6303
7842
4713
56941
1911
58376
27871
2389
48997
71838
69134
79251
332
117
8228
1298
55278
31123
2513
4945
4911
4981
355
105
7325
4865
1345
53887
8340
2118
8906
37720
230
273
7001
2517
51927
2606
45662
532
742
6220
3157
7888
65135
65133
1241
2696
3045
4803
26240
33036
2476
5506
5382
1699
7561
7123
66427
32943
69784
26693
2922
3769
3420
1050
53207
4285
36397
26680
81
6166
8531
26865
5833
4624
27317
4036
5981
34532
26413
49396
7060
25954
27899
7156
3989
27790
7762
33838
3700
1344
31804
26425
32582
1537
6327
26064
6269
26350
5932
6932
2925
46850
33154
1273
50274
26694
1938
7075
8772
6945
32179
549
26306
26084
581
7698
8183
8618
3152
7708
4754
746
670
25868
26111
33126
26464
5022
51080
6966
199
6971
1361
6786
4329
112
432
4356
56333
906
3246
942
26116
8330
4079
156
34482
4322
390
31770
2074
4903
3819
3678
2330
1169
7023
27850
4304
1603
5250
4395
6254
2847
5914
7756
5881
7070
59336
50447
3783
3736
59731
6126
25930
60943
31162
50658
69849
26400
44633
8379
7478
6721
40946
4470
6230
4970
2932
3859
4117
483
4216
6032
861
31364
7932
5059
56563
31689
25834
60382
46664
7802
61236
4711
1836
67193
67665
69458
2919
5452
3565
52712
58299
91974
73929
65882
90405
6791
3936
4321
5992
6944
4041
2013
1186
3062
7076
8494
74789
7151
6299
214
6428
482
1845
8833
6743
417
6238
4033
3676
7485
7844
1023
1269
8235
8042
4404
7064
7067
31437
7564
3260
7302
6270
3706
7786
7745
7925
7926
7063
8253
6666
3742
8656
1545
1757
3224
8195
3289
6668
1411
4846
8582
3181
1103
6935
2624
4278
446
6770
7486
5489
2972
3266
5417
2351
8197
26151
37733
3200
26150
363
26055
6660
3645
678
2378
69
2392
42725
3617
37384
3979
54256
81156
647
6808
4102
43396
6461
2728
7294
1518
252
1287
3441
2414
5103
2334
7649
940
2405
3254
4084
1037
3638
1587
5541
1590
2986
3981
2991
2402
6888
2496
3101
63033
27002
70159
44943
72554
282
765
1972
1969
2121
1975
63
4502
3798
2643
379
4487
2940
1347
61986
26422
3654
59014
64983
70451
26467
59103
31528
26249
72378
2311
3070
3723
72405
74156
71254
72919
82169
2067
5944
94478
5772
3813
27722
1701
6954
33817
6344
4888
6978
1232
5121
6542
3521
53161
3854
48744
3008
33649
3858
50842
1057
32291
1627
3415
1648
4300
31930
25771
781
27109
56389
2966
6881
4552
5909
27636
61240
33621
26974
26736
34164
65418
56671
53769
30846
6339
31956
3822
7042
3476
5949
4500
49932
56607
66200
78034
104944
99917
412
2971
680
748
3524
3272
6023
84775
63072
91128
89753
90717
89535
94777
91690
95309
86548
96488
96811
90600
99112
93512
100344
7569
64499
3950
8157
6790
585
4020
196
879
3705
7118
6857
837
3248
3268
6591
27869
3470
6567
27700
1446
79946
80590
56093
3104
6237
3066
3296
3244
8880
1343
7614
4292
2779
477
6170
4830
7618
3178
26649
3330
53024
1593
33499
67788
70183
97923
762
932
3841
56176
4564
4080
4912
1049
6186
1381
6992
3074
32302
4187
1010
2822
276
1713
3501
8614
4709
3528
8362
7617
45208
6779
3871
4710
1894
538
6810
2322
195
1286
7082
7394
3494
7781
37475
207
6178
8334
39869
4980
6286
5074
26222
25805
4806
6918
8601
7577
25963
154
2285
42094
26225
26208
529
6669
8199
6858
6611
8724
5603
26663
934
3250
2478
86290
4276
6636
7484
27741
7766
1147
27772
6658
85131
79796
640
47950
7010
5879
39715
33646
49276
46335
33158
48593
6287
2335
53993
8937
50068
50189
54648
51575
6264
6280
6014
1556
7004
4748
4749
58156
48877
55577
63436
60939
59429
67923
250
50851
58627
61697
68749
6880
6586
71668
3646
73106
1422
64030
66198
71902
59143
62792
62799
70361
69654
5665
54999
47254
37731
61248
7376
5843
66691
20
54612
60128
57526
49013
57401
494
26870
6812
7150
61705
74851
3484
79592
74944
69306
54787
86911
81641
81535
81537
79293
522
91535
30894
8814
42728
8575
8012
33896
4387
71135
56921
68791
68959
94864
44974
68952
6695
1772
3091
5633
7285
5308
7054
6793
5874
799
2662
2527
8670
8732
3221
3223
1176
48142
1218
26585
6387
166
1529
7008
365
26359
7044
315
73344
1248
26082
41627
6643
6902
6040
6763
37727
42011
4899
71530
2699
5685
45730
57464
52644
57910
62733
7841
55955
4587
61246
3526
4214
2387
7894
3726
40148
42723
26242
1425
3946
23
39381
2401
38600
37382
26294
7300
6868
49822
6394
8039
4957
53468
5650
4010
5247
3811
5198
8711
51037
52321
52950
47937
6122
54745
6990
49284
58622
59985
3032
59022
58839
54962
60418
60161
38095
26269
26270
62956
6273
66297
27156
66240
27073
66335
5602
68536
26322
69746
62376
5125
26203
70533
26925
3688
42163
71248
26471
55031
56012
65982
78162
78544
79008
79057
84601
85780
85774
83803
1946
4263
70599
84942
87876
1353
95875
104913
108190
3053
2363
1982
1515
7320
38798
50802
3440
1216
27604
32022
4458
7243
26152
302
7297
1076
4313
31903
5316
8167
191
892
40966
5646
3417
2563
26606
7720
2203
50601
2532
47465
31150
8809
2033
2093
7236
58154
49910
8580
7742
1300
42018
3044
4902
2531
51834
6724
4005
6545
33454
63433
60816
26631
4867
8690
55553
74508
60818
72367
4815
8915
53988
69951
74868
1177
5011
1189
101112
69524
118900
2391
381
5893
3158
3502
42004
4558
3270
3046
144
1541
5049
34271
1970
1971
68793
33145
70208
6615
605
56915
65088
72129
3633
5900
95105
98491
101285
31545
6974
25750
2068
3011
4359
4546
492
3310
5021
1963
109848
3618
100745
4210
97225
91976
8620
98243
50641
25764
26094
8511
4357
4437
7043
69275
93838
112515
103075
111360
3306
112804
6818
112290
7089
2805
93363
47894
72720
65225
48032
46559
48326
103249
102123
98361
7223
663
3545
2303
8404
2983
2070
4464
4086
281
3230
7579
5707
4809
4495
3185
2236
1609
31035
26485
26555
26375
8266
8045
7624
7381
7046
7036
7030
7026
7018
6991
6977
6850
6832
6582
52694
50792
6162
26318
3655
31309
8405
77307
5526
48231
116797
62999
67408
4345
3262
43869
43560
6533
33830
45668
3071
45666
8372
2084
718
7227
4039
8609
4795
60487
26133
3549
1083
3412
8534
3358
43917
2102
46062
6713
58972
3512
3232
1834
7072
3028
51660
1689
6424
5309
8044
25769
289
8385
46337
901
6999
67867
69069
6430
33138
2275
1974
7899
8797
2430
6433
44864
32853
44828
54785
60937
1904
2660
3018
32387
2644
2648
3075
58332
3016
55444
45928
841
57274
26122
25793
42217
1342
7820
7713
164
8484
1964
4444
68324
81417
4441
49225
4789
3930
74754
32898
1301
74685
7883
6395
2654
91126
89470
2488
90469
98122
98961
93498
97188
96281
3832
6820
3917
27746
4135
82242
107141
106766
104908
3093
3201
74370
103624
111364
25755
97870
4195
3036
59440
8675
5410
8094
3873
7728
1633
7104
1340
7013
82
49957
6002
49961
6939
26812
79897
73681
97673
102720
101525
3169
5480
5025
1409
1939
6012
225
25788
1883
8401
8154
5825
3196
26472
198
1179
14
41
707
8337
3720
3394
3130
427
7319
7228
3825
2558
4203
2269
7056
31116
8600
2206
6780
25828
2511
3551
26476
25916
4037
6448
8016
3068
7771
5601
8158
6840
6454
34536
921
7889
3135
4218
3668
5383
3947
7040
6989
8610
26
7714
3094
1171
3125
6279
6357
3203
3685
2159
6184
1190
6927
537
7487
7011
229
3550
8501
7179
7354
3557
7791
5965
6797
159
4056
3529
3505
4473
3906
3836
4947
2561
3827
4498
4184
8695
7840
7212
4798
5397
4802
6228
7211
8712
5836
7217
970
7061
6047
6064
3334
25855
5001
4420
7219
3487
4704
8661
25938
1226
8446
4042
5826
4411
26181
40988
26139
5440
8491
5847
6579
45335
6856
26101
4401
3801
3516
6409
32371
3311
6422
6429
931
2221
2178
2227
2181
2205
2187
2180
2210
2182
2184
2204
1346
27020
436
5809
8365
1366
469
4205
6961
4784
7003
2551
30850
5016
6950
2598
423
3204
3339
6077
7980
2043
4443
5499
2443
3197
257
85
1810
7572
32160
26782
5404
1615
3802
518
4727
5604
25923
3096
25856
5005
5796
1941
7338
25901
5540
4000
6441
4191
3985
4930
2390
2349
5899
4932
5915
8010
30701
25999
51678
40973
8191
8651
1162
7051
2333
2320
2550
34143
55288
4562
1631
5034
5553
26562
55259
25993
31260
48698
4336
3354
338
6703
5628
3918
3519
188
3919
39052
1623
31617
26007
27216
26560
63189
5678
61394
72694
26444
81516
72733
80219
78266
4220
91488
84395
86835
58297
88515
85025
95307
71550
61406
95207
100498
96691
87192
100163
99910
103810
104211
103883
104243
108548
105653
109864
106491
77540
94405
114795
93988
3684
110586
106841
106438
104337
85438
5994
26528
8623
3598
93740
80166
7079
8951
501
3095
1935
7218
918
6986
8291
8521
7025
7045
3347
7062
3964
7303
5544
2071
1925
599
6239
3728
7620
8650
4557
3007
3733
7208
3364
3546
3653
125
3350
1082
493
1051
1942
4765
6460
3163
3182
3379
8796
2348
2312
4178
5460
2862
2375
2088
3693
2764
2747
2111
5055
2155
4969
6734
2593
8591
8225
2253
2463
490
4291
2866
2929
2399
2315
2252
2282
1683
1056
6584
5472
4976
4849
4833
4595
4174
565
6581
5548
4255
3927
2725
2346
1984
1554
574
449
6909
6612
5638
6243
4121
4067
3686
3430
2796
2633
2460
2163
1379
674
7009
5522
5497
5361
4812
5002
8196
491
3263
299
2926
2734
2112
1334
1594
893
5780
4294
7307
1392
5940
4664
8633
3179
4811
171
6629
851
2097
4478
6341
2361
3794
4318
7065
86
5651
26285
2560
4821
5076
7951
4662
4523
2165
3701
2877
2520
3943
2901
5401
1924
4941
2148
2374
4267
1991
1983
48678
2504
2262
44709
4031
45106
8190
5955
45440
3478
4021
5068
30818
6748
6869
39398
8844
26398
8860
5293
34523
8800
7114
3952
8142
7920
3543
4814
39307
3324
2567
2370
1660
4863
2861
3915
2151
37739
5107
26386
1897
33683
5588
44397
6873
5051
3102
5108
3760
5483
45175
5222
1730
4518
2713
5569
627
6215
3978
176
3713
4951
2432
25952
5516
107069
102033
53127
7983
33564
71579
64197
1913
65130
59900
119145
2380
74624
83132
89780
3986
71057
27251
43930
94015
91485
91653
90403
80241
103141
56846
54276
96655
95201
77658
83086
65685
108928
102819
59519
4030
8526
43558
94780
4743
5570
96588
116823
104283
113275
5341
5398
7122
34359
3634
26283
7787
4337
3724
4339
6672
8496
5073
8836
3129
5040
86320
73808
87485
108583
313
74946
73015
59404
85367
80586
65868
50954
80864
90528
73290
74282
7092
8493
7379
5385
6887
140
1840
27822
7362
42007
46974
6185
8916
49524
8948
55272
56885
58879
836
62437
57353
59810
69606
78041
81784
82202
89085
2553
4190
91978
92008
93982
66798
1069
98585
99149
101895
99728
99117
52606
104303
106441
111622
2995
631
45003
3467
89047
43652
8982
5503
7981
3146
5096
64575
7773
1687
2676
1858
1161
52
2376
1735
44004
5137
6195
6268
5817
5686
27834
7459
1719
213
4645
8933
4741
27838
4996
5258
7299
47404
64993
32554
27193
34520
4224
6067
7809
6263
2057
5629
7178
77833
103772
27619
48414
102716
65037
7024
4553
4407
632
74740
46156
73587
49394
25774
101973
52319
1844
110501
3814
114060
112552
51709
101741
58554
31270
3932
93790
62203
5475
53326
82667
4275
1202
1936
7311
5047
2110
4898
45382
2447
479
6436
5563
6664
6678
26819
6583
49220
2457
237
7757
6798
2875
3538
8221
26965
999
2261
119141
27478
89305
100108
102686
109673
106062
80139
7115
5105
4658
7982
3727
4794
6368
7937
8589
4082
4488
3235
3747
4785
5379
6027
5712
1385
4577
948
5653
6803
2784
5649
5797
8928
1419
5980
4009
4725
7984
4537
4506
567
8512
1130
3896
7225
5788
3581
8923
26172
7029
6187
1184
4283
5339
3925
4064
506
4541
41014
5853
2337
5859
2290
1498
521
7442
2524
1454
6782
3587
34321
5165
26603
7976
7817
8578
4126
2794
3970
4396
366
4466
5478
2122
5027
2373
4501
3696
7930
40723
4697
5891
6379
26875
7616
7743
27865
43908
358
3515
4654
8019
4350
4389
5244
8813
7069
31193
27664
42900
48165
7650
45506
26947
52666
2130
4850
90603
2135
2718
5568
7647
6561
7395
3928
8731
1009
1007
2051
6405
2015
4188
6058
4392
1277
1616
30822
2422
3398
1862
7827
4254
27482
46
3249
39234
82527
73854
2518
464
737
5524
39419
79
110553
109895
93721
105197
101106
97395
89804
90439
101142
27329
103659
111113
8785
7238
7210
7584
6412
1929
5721
5367
5799
7068
3167
5373
6920
2848
6609
8143
3983
1085
2943
3111
3789
6356
5202
7080
7059
4194
4966
4334
4297
6035
31590
719
93443
2188
782
798
5941
4900
7048
204
193
135
637
1100
78160
5505
4757
33495
33826
98017
2970
4529
7206
95558
86898
27255
8485
6211
5643
98056
102481
44759
55071
7759
60293
1306
8188
6335
3002
7505
27033
3569
26564
4274
6232
3258
26349
7979
6784
3115
5820
31522
26578
4690
3061
5279
8117
27373
59421
47202
51091
1290
54513
55080
54780
51925
1755
2800
321
3274
7915
5054
7017
7193
3614
8959
32019
4146
3534
383
100
27905
31807
47810
51418
49312
53550
40586
57147
31785
59026
69140
743
1461
1791
58315
875
27555
1753
4432
1860
5607
40010
2808
72741
5611
7107
2099
2927
7748
1187
2425
5818
324
267
72167
3973
5784
58105
8947
48591
71129
947
25826
26502
2902
7364
69818
73168
61262
1995
26554
5612
80551
68472
2034
8918
43419
5803
8369
6624
43679
227
7345
58078
62718
51694
3990
3189
69644
60141
6794
68194
32770
72701
6382
39449
33815
8605
5888
3153
66544
78772
72407
72131
70336
91104
95441
93326
78893
100302
98203
110730
54796
110127
97024
112138
109578
108188
96911
108945
117176
112171
112370
96861
69604
96728
1430
53906
58425
74152
38304
40851
2249
55895
5062
8848
8684
4405
30848
6598
94
4450
7366
8919
4149
6322
991
7348
30898
2883
3879
6493
4614
8643
6619
6196
6212
7169
7258
662
6222
3594
7161
7255
4771
3987
3784
3444
4745
4062
32298
4774
3865
409
2171
36363
74727
94150
4826
52806
59709
70643
91571
93855
26148
92507
96857
96121
96693
102407
105355
450
1866
32300
8795
45503
8295
8805
45183
4066
3787
6882
5640
49280
5942
5324
47264
6008
8015
2448
27397
61026
72356
84187
74668
76210
74530
83480
43460
5095
5214
533
2166
1944
2280
2570
2202
2328
5873
74
6005
12
2846
3738
25773
946
25886
8459
4426
702
943
4419
6727
4433
2782
4403
8451
8338
3929
8387
4040
4649
26492
71304
57980
60566
61646
61289
91548
77414
2404
92422
26178
26303
6967
8239
6031
3627
3202
3576
2634
7789
58223
33893
7038
280
60647
26713
6801
6800
6506
61350
4735
4234
7020
33672
5357
27391
3117
27338
34336
1390
3090
37955
5637
41617
27410
2682
68552
74416
81804
90430
55451
75341
43744
5312
2237
4095
5732
2841
32584
74532
69436
70984
1021
6482
575
75985
4265
32296
68659
57532
6338
59727
54732
55245
71131
56079
71466
7448
83219
711
48262
55250
6686
49526
55241
45501
6559
5102
569
4153
31867
85796
85020
6332
5092
6464
42013
31223
1091
1450
4788
73211
60904
103306
27584
103235
86295
59258
46772
801
104241
113573
118997
74452
6886
62970
43914
72393
100244
54075
103372
26391
8576
31408
8208
26302
6452
8056
5867
2611
26770
65612
6416
31700
2882
3406
32017
95858
91233
93272
47721
46919
88345
5667
33722
2069
95377
95654
48711
113378
91325
93297
85316
68932
4621
4438
30745
27036
47978
56001
117533
97866
76091
90376
90374
1126
47970
53466
45028
48883
47394
63222
73000
89761
95313
2169
2759
2806
2519
6063
473
8017
5119
46855
7074
6467
32525
7333
2905
7941
25766
26788
25825
7335
49355
5056
26052
25947
8752
5763
7086
5272
26939
935
5605
1572
25839
47306
3010
6226
7749
34148
3606
3547
44937
80
4687
7171
27768
4151
5752
25752
1809
26360
6509
6021
7792
668
31347
25929
25905
25941
34552
31255
2296
5146
8482
76030
99912
89030
71500
27491
7646
27778
177
4876
27434
67186
2867
5663
7134
5515
26810
63179
31427
52283
50445
70728
7377
5246
421
32009
4989
4167
8815
7449
4531
6723
7782
82534
81817
67508
26258
72
6667
57845
58191
2483
46347
3327
27884
60341
43897
556
30892
8426
60333
55156
74677
3679
3338
51127
61257
48872
6599
65230
5896
77421
79073
91622
93831
100390
99437
96612
26198
32289
3051
3689
64114
26513
31502
72308
59549
2607
4555
2721
2437
1614
7810
94018
3831
96110
95543
91890
1940
26147
371
2433
39886
59590
27857
414
1887
1431
7039
84273
8130
81731
7142
100487
6896
84716
49688
5187
6898
62250
1542
26326
33451
47634
4399
3637
4801
5304
57534
1359
68941
5387
4061
71205
72165
1297
3548
1150
4628
7835
7833
7832
4738
76
33725
4454
7306
52668
53447
50011
4862
27800
8955
27366
25753
3245
3632
26241
4916
79553
66130
5298
92
61
5111
46572
8532
55284
33421
4368
15
2279
3243
3843
1981
1976
848
64032
44613
1848
77364
3099
3729
4956
5145
6022
32456
72209
558
65577
5300
3998
4424
2938
5122
6100
26599
1681
2383
37380
27022
804
27523
51277
7033
33463
44929
4383
32840
8499
4480
2344
2802
8905
4613
4646
6300
4808
5438
2961
95567
111921
33819
6306
334
72176
71429
74750
83827
79318
77854
2704
26527
617
44301
81791
89039
8869
8911
2575
7581
2439
3078
222
2263
2506
105835
6997
3746
4207
519
2879
2880
6679
36850
8119
456
5134
6516
6508
5636
1846
1417
5684
897
4282
6983
1327
2789
60503
2495
70849
57502
69995
80126
2870
6265
4
3466
3649
1629
4496
4169
5220
1875
8535
3851
3734
57
48943
4563
8574
25937
3404
4732
1363
6006
4068
26842
757
50517
47261
55946
8261
66547
41724
32349
105954
64278
103027
5348
8121
4599
64231
61401
65142
67620
82053
85736
6219
4104
2036
31445
38499
7939
56274
61967
58334
5937
60735
70846
69988
67801
72479
77240
108727
108981
2412
3889
26085
1881
4756
126
116
2381
7701
929
49647
5765
6958
305
6480
4676
43
7374
2106
2709
408
5619
6789
85179
104339
103801
6750
71823
70344
65596
83506
88127
96467
7938
47830
41769
55255
6732
1024
3616
6060
43684
2372
2497
1016
3004
1388
6358
4305
5625
3194
5139
4372
1395
1752
544
3955
4228
2829
1833
94985
8912
87660
114180
114662
6982
2931
6244
4296
8273
7093
1480
82244
7489
25891
3388
32721
3368
26199
25962
50923
26479
5099
6082
69394
2736
3142
32657
77846
6571
4714
27271
5434
4442
66870
61724
96832
40491
7942
107883
111235
107771
829
190
818
550
2907
3177
3821
42009
2382
1707
6946
2798
2799
31422
38388
58655
66783
67695
46865
65810
4158
77191
61255
27744
82463
4640
2612
103984
110882
2765
4515
34811
55732
86815
27
88179
60007
95583
95449
69712
90888
100527
101577
103339
104881
2771
6041
74791
7334
65465
82589
85790
90719
92243
86487
96567
540
43899
26237
4055
49856
6192
4770
149
85354
94126
7071
49528
55205
5423
3055
3621
37495
102684
4325
4927
65601
7843
84952
60941
58975
1985
2107
5081
49666
7199
5682
8133
43910
49314
8755
70862
90357
95939
104078
8456
3672
44889
56379
44197
90738
77795
352
47778
42732
53827
88812
111743
91323
94953
88785
107348
1503
77667
50806
34530
89260
6951
6722
82095
68486
42422
71484
66317
51562
97057
7811
83976
30712
8751
25945
8768
25898
25852
25911
27456
5447
93040
97172
78174
74688
55729
56508
56908
79684
81383
78218
60408
5391
7815
3852
2859
351
2613
3480
4971
4212
4116
6809
8270
5644
8765
32825
32892
73027
35015
4338
5450
6705
62235
91842
90576
84950
85213
82499
82152
76079
60516
7266
3439
1920
5582
4834
92694
113225
4409
2557
1006
2408
7812
85056
87079
80469
101362
67252
62439
64501
68444
64116
27802
50651
32562
87194
91414
36533
26324
112940
26701
55652
38097
66090
58964
32743
63826
74154
83302
115210
74787
27826
1399
2356
26246
76738
6671
700
3392
2500
766
3835
2774
1447
49347
8967
7340
6687
84847
3599
5039
4939
5801
7578
8147
2120
7918
4183
31547
3150
57972
38198
92475
100556
6123
41721
6641
691
65802
73319
70305
69324
3712
3708
62801
4682
4768
4330
7940
26231
8738
4429
6981
4422
7128
4813
5974
6684
6849
26758
3658
2131
3771
4915
8
688
6558
4452
2287
97860
54910
77427
4124
7492
89343
108729
32239
3219
4215
1999
7562
50064
54775
55116
59594
69529
66385
74948
79860
9
907
3966
25797
1099
25795
25927
7936
7055
7328
2988
7058
25943
5007
4186
8989
26491
31374
31950
44100
7705
8008
5642
26313
26395
2177
3251
5012
5927
2436
2996
6614
26745
3718
59333
59220
69253
81910
99145
99468
44657
47274
47793
50259
26163
94266
81385
187
45635
101088
112421
103048
91079
2891
96150
6159
4166
71928
7355
6125
72489
69278
8364
64229
69516
61167
27876
27851
58492
81132
26629
42351
65193
79588
694
44225
50796
65585
40962
61123
53002
70334
53140
71460
53138
7316
54734
52456
5264
31485
5498
4626
53921
60948
101360
32234
5986
32369
4479
4046
4410
6229
7895
4393
78
5435
1937
25835
44168
8335
6450
51638
41226
6573
7250
4999
41585
25961
5660
8767
25870
7896
7897
33288
7702
1337
6859
944
3405
6051
7585
5485
1442
516
38538
49263
78679
49265
90943
88954
84242
99750
103279
103539
102792
4723
74573
111384
63515
81456
5465
90947
96314
90809
95135
1859
114342
52929
8602
113829
51372
46653
66744
87004
1546
3754
7369
181
2027
2170
5610
4168
43836
71325
97936
89629
86892
82041
96751
1128
34540
48879
55687
7924
59607
82173
2969
5142
3076
2787
2075
4439
89678
89074
6885
218
7019
8884
5451
5128
51903
4219
54193
8799
7259
1880
26750
31702
62803
88932
93475
89072
61465
5127
73392
95873
45074
4769
78517
2450
26695
6517
6078
46959
760
4373
1948
77330
77359
79533
4077
7102
1760
48598
90914
63239
53435
8275
7050
25841
25866
4179
8153
2852
8520
346
3770
32316
26271
3849
6988
5560
71732
6816
47446
8786
659
26002
2727
48342
26681
33487
7891
27402
26616
26325
111443
5680
6638
6959
4618
5226
3206
1414
4589
27618
44058
27689
27922
62912
3566
39400
62577
32139
50800
6984
93265
39768
835
4024
31687
53974
1236
54094
80398
3127
38294
58876
72228
51357
82744
33675
62834
62836
4591
4415
3680
1979
2429
78774
33603
86000
91199
58246
27816
4767
51991
89090
73101
103137
66785
105211
1484
27828
1401
50003
71910
3799
5523
3320
5169
94931
7879
33164
31431
7437
112897
3040
77201
1191
2757
81786
97168
84116
106452
38994
3145
102753
3824
6345
7260
8667
5101
3120
2587
2549
43919
3190
40574
31114
71252
48518
3553
53919
3872
973
3456
3855
7241
75983
7372
92048
56719
115231
27716
32792
3997
3205
6140
609
27351
74089
50158
2639
2967
1977
3017
83293
77233
80928
115122
6374
2272
1011
48059
27369
51063
65588
72294
2555
71438
393
42946
47148
9005
93270
83374
36477
32011
51937
891
43904
116161
2119
6013
62137
169
51545
495
79879
1465
2456
5692
49412
99220
114028
95761
101739
90645
7580
5323
8126
38188
8739
26119
2091
3564
2453
6884
6592
2238
54328
27812
57637
426
1389
1986
2239
32196
43832
101962
4683
27075
72043
328
8978
34155
65939
37545
44317
38824
77629
3539
115170
6948
2247
4636
5109
38701
33539
41025
25833
48825
106330
26347
54686
74541
7919
68963
70032
55020
1992
6119
79006
82143
8584
32261
91628
56744
42958
8710
2310
80553
26743
33124
32728
88267
67799
4929
1919
77798
72982
8862
5372
25995
8740
103107
110591
8753
43934
4847
4484
4043
5696
7990
3024
7586
7126
3808
6457
5368
2939
31030
49200
8227
26796
61678
52528
72703
43497
86884
98604
58992
71670
41136
7790
52460
52717
2815
1980
1978
82378
2377
27432
33750
1762
5241
8730
2888
5969
8268
1646
7304
1973
78116
37477
6484
4605
72714
93766
88950
95311
9004
116799
26504
26688
4342
32203
30
4132
27648
7884
2790
5527
2807
93563
97328
84613
90524
2435
1355
4526
1453
27647
109850
26012
92920
31973
75395
83798
26005
66762
548
117881
6478
85259
82093
109846
6252
27751
8134
842
2514
4585
5999
70687
86628
6864
114552
4686
4141
7753
4241
27671
93422
105468
6519
109740
8830
102880
5947
489
52227
3063
110771
79590
118700
6702
